0.2759
0.3202
0.3748
0.0333
0.0126
0.1679
0.1823
0.1318
0.2156
0.1337
0.1657
0.0306
-0.0654
0.1055
0.0724
-0.0139
0.0042
0.0255
0.0275
0.0359
-0.0381
0.0508
0.0234
-0.0459
0.0345
0.0319
0.0037
-0.0896
-0.0518
-0.0071
0.0447
0.0854
0.1259
0.1875
0.1677
0.1286
-0.0154
-0.1299
-0.0904
-0.0278
-0.0844
-0.1047
-0.0487
0.0073
0.0868
0.1112
0.0729
0.0656
0.0980
0.1051
0.1161
0.0907
0.0746
0.0403
-0.0528
0.0928
0.1513
0.0031
-0.0205
-0.0228
-0.0166