0.1875
0.2118
0.1945
0.0753
0.1465
0.1676
0.1071
0.1091
0.1607
0.1746
0.1637
0.0705
0.0291
0.0296
0.0367
-0.0115
0.0041
0.0268
0.0314
0.0087
0.0015
0.0548
0.0529
0.0237
0.0206
0.0542
-0.0213
-0.0571
-0.0420
-0.0332
-0.0242
0.0192
0.0377
0.0760
0.0784
0.0513
0.0192
-0.0479
-0.0351
-0.0184
-0.0263
-0.0108
0.0053
0.0042
0.0630
0.0668
0.0601
0.0637
0.0919
0.1195
0.1258
0.0976
0.0486
-0.0185
-0.0750
0.0349
0.0368
-0.0246
-0.0300
-0.0227
-0.0192